% CFC12 concentrations in atmosphere (vol/vol). Data source:
% John Bullister, NOAA, http://cdiac.ornl.gov/oceans/new_atmCFC.html
%
% Column 1: decimal year (1975.0 corresponds to 1. Jan. 1975)
% Column 2: northern hemisphere
% Column 3: southern hemisphere
% Column 4: global mean
 1.93550000e+03 0.00000000e+00 0.00000000e+00 0.00000000e+00
 1.93600000e+03 5.00000000e-14 0.00000000e+00 2.50000000e-14
 1.93650000e+03 1.00000000e-13 0.00000000e+00 5.00000000e-14
 1.93700000e+03 1.00000000e-13 5.00000000e-14 7.50000000e-14
 1.93750000e+03 1.00000000e-13 1.00000000e-13 1.00000000e-13
 1.93800000e+03 1.50000000e-13 1.00000000e-13 1.25000000e-13
 1.93850000e+03 2.00000000e-13 1.00000000e-13 1.50000000e-13
 1.93900000e+03 2.50000000e-13 1.50000000e-13 2.00000000e-13
 1.93950000e+03 3.00000000e-13 2.00000000e-13 2.50000000e-13
 1.94000000e+03 3.50000000e-13 2.50000000e-13 3.00000000e-13
 1.94050000e+03 4.00000000e-13 3.00000000e-13 3.50000000e-13
 1.94100000e+03 4.50000000e-13 3.50000000e-13 4.00000000e-13
 1.94150000e+03 5.00000000e-13 4.00000000e-13 4.50000000e-13
 1.94200000e+03 6.00000000e-13 4.50000000e-13 5.25000000e-13
 1.94250000e+03 7.00000000e-13 5.00000000e-13 6.00000000e-13
 1.94300000e+03 8.00000000e-13 6.00000000e-13 7.00000000e-13
 1.94350000e+03 9.00000000e-13 7.00000000e-13 8.00000000e-13
 1.94400000e+03 1.05000000e-12 8.00000000e-13 9.25000000e-13
 1.94450000e+03 1.20000000e-12 9.00000000e-13 1.05000000e-12
 1.94500000e+03 1.45000000e-12 1.05000000e-12 1.25000000e-12
 1.94550000e+03 1.70000000e-12 1.20000000e-12 1.45000000e-12
 1.94600000e+03 2.00000000e-12 1.45000000e-12 1.72500000e-12
 1.94650000e+03 2.30000000e-12 1.70000000e-12 2.00000000e-12
 1.94700000e+03 2.85000000e-12 2.05000000e-12 2.45000000e-12
 1.94750000e+03 3.40000000e-12 2.40000000e-12 2.90000000e-12
 1.94800000e+03 4.10000000e-12 2.90000000e-12 3.50000000e-12
 1.94850000e+03 4.80000000e-12 3.40000000e-12 4.10000000e-12
 1.94900000e+03 5.45000000e-12 4.05000000e-12 4.75000000e-12
 1.94950000e+03 6.10000000e-12 4.70000000e-12 5.40000000e-12
 1.95000000e+03 6.85000000e-12 5.35000000e-12 6.10000000e-12
 1.95050000e+03 7.60000000e-12 6.00000000e-12 6.80000000e-12
 1.95100000e+03 8.40000000e-12 6.70000000e-12 7.55000000e-12
 1.95150000e+03 9.20000000e-12 7.40000000e-12 8.30000000e-12
 1.95200000e+03 1.01000000e-11 8.20000000e-12 9.15000000e-12
 1.95250000e+03 1.10000000e-11 9.00000000e-12 1.00000000e-11
 1.95300000e+03 1.19000000e-11 9.85000000e-12 1.08750000e-11
 1.95350000e+03 1.28000000e-11 1.07000000e-11 1.17500000e-11
 1.95400000e+03 1.39000000e-11 1.16500000e-11 1.27750000e-11
 1.95450000e+03 1.50000000e-11 1.26000000e-11 1.38000000e-11
 1.95500000e+03 1.62000000e-11 1.36500000e-11 1.49250000e-11
 1.95550000e+03 1.74000000e-11 1.47000000e-11 1.60500000e-11
 1.95600000e+03 1.88000000e-11 1.59000000e-11 1.73500000e-11
 1.95650000e+03 2.02000000e-11 1.71000000e-11 1.86500000e-11
 1.95700000e+03 2.18000000e-11 1.85000000e-11 2.01500000e-11
 1.95750000e+03 2.34000000e-11 1.99000000e-11 2.16500000e-11
 1.95800000e+03 2.51000000e-11 2.14500000e-11 2.32750000e-11
 1.95850000e+03 2.68000000e-11 2.30000000e-11 2.49000000e-11
 1.95900000e+03 2.86500000e-11 2.46500000e-11 2.66500000e-11
 1.95950000e+03 3.05000000e-11 2.63000000e-11 2.84000000e-11
 1.96000000e+03 3.27500000e-11 2.82000000e-11 3.04750000e-11
 1.96050000e+03 3.50000000e-11 3.01000000e-11 3.25500000e-11
 1.96100000e+03 3.75000000e-11 3.22500000e-11 3.48750000e-11
 1.96150000e+03 4.00000000e-11 3.44000000e-11 3.72000000e-11
 1.96200000e+03 4.29000000e-11 3.69000000e-11 3.99000000e-11
 1.96250000e+03 4.58000000e-11 3.94000000e-11 4.26000000e-11
 1.96300000e+03 4.91500000e-11 4.22500000e-11 4.57000000e-11
 1.96350000e+03 5.25000000e-11 4.51000000e-11 4.88000000e-11
 1.96400000e+03 5.64500000e-11 4.84500000e-11 5.24500000e-11
 1.96450000e+03 6.04000000e-11 5.18000000e-11 5.61000000e-11
 1.96500000e+03 6.48500000e-11 5.56500000e-11 6.02500000e-11
 1.96550000e+03 6.93000000e-11 5.95000000e-11 6.44000000e-11
 1.96600000e+03 7.42500000e-11 6.38500000e-11 6.90500000e-11
 1.96650000e+03 7.92000000e-11 6.82000000e-11 7.37000000e-11
 1.96700000e+03 8.47500000e-11 7.30500000e-11 7.89000000e-11
 1.96750000e+03 9.03000000e-11 7.79000000e-11 8.41000000e-11
 1.96800000e+03 9.65500000e-11 8.33500000e-11 8.99500000e-11
 1.96850000e+03 1.02800000e-10 8.88000000e-11 9.58000000e-11
 1.96900000e+03 1.09800000e-10 9.49500000e-11 1.02375000e-10
 1.96950000e+03 1.16800000e-10 1.01100000e-10 1.08950000e-10
 1.97000000e+03 1.24400000e-10 1.07900000e-10 1.16150000e-10
 1.97050000e+03 1.32000000e-10 1.14700000e-10 1.23350000e-10
 1.97100000e+03 1.40200000e-10 1.22150000e-10 1.31175000e-10
 1.97150000e+03 1.48400000e-10 1.29600000e-10 1.39000000e-10
 1.97200000e+03 1.57250000e-10 1.37650000e-10 1.47450000e-10
 1.97250000e+03 1.66100000e-10 1.45700000e-10 1.55900000e-10
 1.97300000e+03 1.75950000e-10 1.54500000e-10 1.65225000e-10
 1.97350000e+03 1.85800000e-10 1.63300000e-10 1.74550000e-10
 1.97400000e+03 1.96450000e-10 1.72900000e-10 1.84675000e-10
 1.97450000e+03 2.07100000e-10 1.82500000e-10 1.94800000e-10
 1.97500000e+03 2.17650000e-10 1.92700000e-10 2.05175000e-10
 1.97550000e+03 2.28200000e-10 2.02900000e-10 2.15550000e-10
 1.97600000e+03 2.38150000e-10 2.13050000e-10 2.25600000e-10
 1.97650000e+03 2.48100000e-10 2.23200000e-10 2.35650000e-10
 1.97700000e+03 2.57500000e-10 2.32950000e-10 2.45225000e-10
 1.97750000e+03 2.66900000e-10 2.42700000e-10 2.54800000e-10
 1.97800000e+03 2.75600000e-10 2.51950000e-10 2.63775000e-10
 1.97850000e+03 2.84300000e-10 2.61200000e-10 2.72750000e-10
 1.97900000e+03 2.95200000e-10 2.67350000e-10 2.81275000e-10
 1.97950000e+03 3.06100000e-10 2.73500000e-10 2.89800000e-10
 1.98000000e+03 3.14650000e-10 2.82900000e-10 2.98775000e-10
 1.98050000e+03 3.23200000e-10 2.92300000e-10 3.07750000e-10
 1.98100000e+03 3.31400000e-10 3.00550000e-10 3.15975000e-10
 1.98150000e+03 3.39600000e-10 3.08800000e-10 3.24200000e-10
 1.98200000e+03 3.46500000e-10 3.17150000e-10 3.31825000e-10
 1.98250000e+03 3.53400000e-10 3.25500000e-10 3.39450000e-10
 1.98300000e+03 3.61200000e-10 3.34050000e-10 3.47625000e-10
 1.98350000e+03 3.69000000e-10 3.42600000e-10 3.55800000e-10
 1.98400000e+03 3.77350000e-10 3.51000000e-10 3.64175000e-10
 1.98450000e+03 3.85700000e-10 3.59400000e-10 3.72550000e-10
 1.98500000e+03 3.94550000e-10 3.68800000e-10 3.81675000e-10
 1.98550000e+03 4.03400000e-10 3.78200000e-10 3.90800000e-10
 1.98600000e+03 4.13850000e-10 3.87350000e-10 4.00600000e-10
 1.98650000e+03 4.24300000e-10 3.96500000e-10 4.10400000e-10
 1.98700000e+03 4.34150000e-10 4.06400000e-10 4.20275000e-10
 1.98750000e+03 4.44000000e-10 4.16300000e-10 4.30150000e-10
 1.98800000e+03 4.54700000e-10 4.26050000e-10 4.40375000e-10
 1.98850000e+03 4.65400000e-10 4.35800000e-10 4.50600000e-10
 1.98900000e+03 4.74500000e-10 4.45100000e-10 4.59800000e-10
 1.98950000e+03 4.83600000e-10 4.54400000e-10 4.69000000e-10
 1.99000000e+03 4.90650000e-10 4.63550000e-10 4.77100000e-10
 1.99050000e+03 4.97700000e-10 4.72700000e-10 4.85200000e-10
 1.99100000e+03 5.01850000e-10 4.80000000e-10 4.90925000e-10
 1.99150000e+03 5.06000000e-10 4.87300000e-10 4.96650000e-10
 1.99200000e+03 5.11150000e-10 4.92800000e-10 5.01975000e-10
 1.99250000e+03 5.16300000e-10 4.98300000e-10 5.07300000e-10
 1.99300000e+03 5.19750000e-10 5.02650000e-10 5.11200000e-10
 1.99350000e+03 5.23200000e-10 5.07000000e-10 5.15100000e-10
 1.99400000e+03 5.25850000e-10 5.10900000e-10 5.18375000e-10
 1.99450000e+03 5.28500000e-10 5.14800000e-10 5.21650000e-10
 1.99500000e+03 5.30950000e-10 5.17900000e-10 5.24425000e-10
 1.99550000e+03 5.33400000e-10 5.21000000e-10 5.27200000e-10
 1.99600000e+03 5.35350000e-10 5.23750000e-10 5.29550000e-10
 1.99650000e+03 5.37300000e-10 5.26500000e-10 5.31900000e-10
 1.99700000e+03 5.38700000e-10 5.28650000e-10 5.33675000e-10
 1.99750000e+03 5.40100000e-10 5.30800000e-10 5.35450000e-10
 1.99800000e+03 5.41500000e-10 5.32550000e-10 5.37025000e-10
 1.99850000e+03 5.42900000e-10 5.34300000e-10 5.38600000e-10
 1.99900000e+03 5.43650000e-10 5.35750000e-10 5.39700000e-10
 1.99950000e+03 5.44400000e-10 5.37200000e-10 5.40800000e-10
 2.00000000e+03 5.45150000e-10 5.38100000e-10 5.41625000e-10
 2.00050000e+03 5.45900000e-10 5.39000000e-10 5.42450000e-10
 2.00100000e+03 5.46200000e-10 5.39800000e-10 5.43000000e-10
 2.00150000e+03 5.46500000e-10 5.40600000e-10 5.43550000e-10
 2.00200000e+03 5.46600000e-10 5.40950000e-10 5.43775000e-10
 2.00250000e+03 5.46700000e-10 5.41300000e-10 5.44000000e-10
 2.00300000e+03 5.46700000e-10 5.41450000e-10 5.44075000e-10
 2.00350000e+03 5.46700000e-10 5.41600000e-10 5.44150000e-10
 2.00400000e+03 5.46200000e-10 5.41550000e-10 5.43875000e-10
 2.00450000e+03 5.45700000e-10 5.41500000e-10 5.43600000e-10
 2.00500000e+03 5.45100000e-10 5.41200000e-10 5.43150000e-10
 2.00550000e+03 5.44500000e-10 5.40900000e-10 5.42700000e-10
 2.00600000e+03 5.43800000e-10 5.40350000e-10 5.42075000e-10
 2.00650000e+03 5.43100000e-10 5.39800000e-10 5.41450000e-10
 2.00700000e+03 5.42100000e-10 5.38950000e-10 5.40525000e-10
 2.00750000e+03 5.41100000e-10 5.38100000e-10 5.39600000e-10
 2.00800000e+03 5.39850000e-10 5.37150000e-10 5.38500000e-10
 2.00850000e+03 5.38600000e-10 5.36200000e-10 5.37400000e-10
 2.00900000e+03 5.37620000e-10 5.35120000e-10 5.36370000e-10
 2.00950000e+03 5.36640000e-10 5.34040000e-10 5.35340000e-10
 2.01000000e+03 5.35605000e-10 5.33210000e-10 5.34407500e-10
 2.01050000e+03 5.34570000e-10 5.32380000e-10 5.33475000e-10
 2.01100000e+03 5.33530000e-10 5.31550000e-10 5.32540000e-10
 2.01150000e+03 5.32490000e-10 5.30720000e-10 5.31605000e-10