% SF6 concentrations in atmosphere (vol/vol). Combination of data from different sources:
% - NOAA, HATS_global_SF6.txt
% - NOAA, file URL: ftp://ftp.cmdl.noaa.gov/hats/sf6/flasks/SF6global_2007.txt, downloaded on 17. June 2009, Matthias Brennwald
% - Maiss and Brenninkmejer, ES&T 1998
% - John Bullister, NOAA, http://cdiac.ornl.gov/oceans/new_atmCFC.html
%
% Column 1: decimal year (1975.0 corresponds to 1. Jan. 1975)
% Column 2: northern hemisphere
% Column 3: southern hemisphere
% Column 4: global mean
 1.95350000e+03 4.22676759e-14 3.89273734e-14 4.00400000e-14
 1.95400000e+03 4.24576904e-14 3.91023715e-14 4.02200000e-14
 1.95450000e+03 4.26477050e-14 3.92773697e-14 4.04000000e-14
 1.95500000e+03 4.30066213e-14 3.96079218e-14 4.07400000e-14
 1.95550000e+03 4.33655376e-14 3.99384740e-14 4.10800000e-14
 1.95600000e+03 4.39144685e-14 4.04440243e-14 4.16000000e-14
 1.95650000e+03 4.44633993e-14 4.09495746e-14 4.21200000e-14
 1.95700000e+03 4.51812320e-14 4.16106788e-14 4.28000000e-14
 1.95750000e+03 4.58990646e-14 4.22717831e-14 4.34800000e-14
 1.95800000e+03 4.68491373e-14 4.31467740e-14 4.43800000e-14
 1.95850000e+03 4.77992099e-14 4.40217649e-14 4.52800000e-14
 1.95900000e+03 4.93193261e-14 4.54217503e-14 4.67200000e-14
 1.95950000e+03 5.08394424e-14 4.68217358e-14 4.81600000e-14
 1.96000000e+03 5.30985040e-14 4.89022697e-14 5.03000000e-14
 1.96050000e+03 5.53575656e-14 5.09828037e-14 5.24400000e-14
 1.96100000e+03 5.81444453e-14 5.35494437e-14 5.50800000e-14
 1.96150000e+03 6.09313250e-14 5.61160837e-14 5.77200000e-14
 1.96200000e+03 6.44571501e-14 5.93632722e-14 6.10600000e-14
 1.96250000e+03 6.79829752e-14 6.26104606e-14 6.44000000e-14
 1.96300000e+03 7.29444657e-14 6.71798576e-14 6.91000000e-14
 1.96350000e+03 7.79059561e-14 7.17492546e-14 7.38000000e-14
 1.96400000e+03 8.47675918e-14 7.80686334e-14 8.03000000e-14
 1.96450000e+03 9.16292275e-14 8.43880122e-14 8.68000000e-14
 1.96500000e+03 1.00559910e-13 9.26129267e-14 9.52600000e-14
 1.96550000e+03 1.09490593e-13 1.00837841e-13 1.03720000e-13
 1.96600000e+03 1.20384759e-13 1.10871070e-13 1.14040000e-13
 1.96650000e+03 1.31278925e-13 1.20904299e-13 1.24360000e-13
 1.96700000e+03 1.43503193e-13 1.32162516e-13 1.35940000e-13
 1.96750000e+03 1.55727461e-13 1.43420732e-13 1.47520000e-13
 1.96800000e+03 1.68500660e-13 1.55184499e-13 1.59620000e-13
 1.96850000e+03 1.81273859e-13 1.66948266e-13 1.71720000e-13
 1.96900000e+03 1.94321523e-13 1.78964807e-13 1.84080000e-13
 1.96950000e+03 2.07369187e-13 1.90981349e-13 1.96440000e-13
 1.97000000e+03 2.21240248e-13 2.03756216e-13 2.09580000e-13
 1.97050000e+03 2.35111308e-13 2.16531084e-13 2.22720000e-13
 1.97100000e+03 2.50650274e-13 2.30842046e-13 2.37440000e-13
 1.97150000e+03 2.66189240e-13 2.45153009e-13 2.52160000e-13
 1.97200000e+03 2.83269434e-13 2.60883401e-13 2.68340000e-13
 1.97250000e+03 3.00349629e-13 2.76613793e-13 2.84520000e-13
 1.97300000e+03 3.18886602e-13 2.93685838e-13 3.02080000e-13
 1.97350000e+03 3.37423575e-13 3.10757883e-13 3.19640000e-13
 1.97400000e+03 3.60816474e-13 3.32302103e-13 3.41800000e-13
 1.97450000e+03 3.84209374e-13 3.53846324e-13 3.63960000e-13
 1.97500000e+03 4.12500426e-13 3.79901609e-13 3.90760000e-13
 1.97550000e+03 4.40791477e-13 4.05956894e-13 4.17560000e-13
 1.97600000e+03 4.73938456e-13 4.36484354e-13 4.48960000e-13
 1.97650000e+03 5.07085435e-13 4.67011815e-13 4.80360000e-13
 1.97700000e+03 5.45109453e-13 5.02030895e-13 5.16380000e-13
 1.97750000e+03 5.83133471e-13 5.37049976e-13 5.52400000e-13
 1.97800000e+03 6.26055641e-13 5.76580121e-13 5.93060000e-13
 1.97850000e+03 6.68977812e-13 6.16110266e-13 6.33720000e-13
 1.97900000e+03 7.16755909e-13 6.60112586e-13 6.78980000e-13
 1.97950000e+03 7.64534006e-13 7.04114907e-13 7.24240000e-13
 1.98000000e+03 8.17210255e-13 7.52628292e-13 7.74140000e-13
 1.98050000e+03 8.69886505e-13 8.01141677e-13 8.24040000e-13
 1.98100000e+03 9.27439794e-13 8.54146682e-13 8.78560000e-13
 1.98150000e+03 9.84993083e-13 9.07151687e-13 9.33080000e-13
 1.98200000e+03 1.04739174e-12 9.64619145e-13 9.92190000e-13
 1.98250000e+03 1.10979040e-12 1.02208660e-12 1.05130000e-12
 1.98300000e+03 1.17708721e-12 1.08406513e-12 1.11505000e-12
 1.98350000e+03 1.24438403e-12 1.14604365e-12 1.17880000e-12
 1.98400000e+03 1.31658955e-12 1.21254296e-12 1.24720000e-12
 1.98450000e+03 1.38879507e-12 1.27904227e-12 1.31560000e-12
 1.98500000e+03 1.46585651e-12 1.35001375e-12 1.38860000e-12
 1.98550000e+03 1.54291796e-12 1.42098524e-12 1.46160000e-12
 1.98600000e+03 1.62483533e-12 1.49642890e-12 1.53920000e-12
 1.98650000e+03 1.70675271e-12 1.57187256e-12 1.61680000e-12
 1.98700000e+03 1.79357879e-12 1.65183701e-12 1.69905000e-12
 1.98750000e+03 1.88040487e-12 1.73180145e-12 1.78130000e-12
 1.98800000e+03 1.97208688e-12 1.81623808e-12 1.86815000e-12
 1.98850000e+03 2.06376889e-12 1.90067470e-12 1.95500000e-12
 1.98900000e+03 2.16035961e-12 1.98963211e-12 2.04650000e-12
 1.98950000e+03 2.25695033e-12 2.07858952e-12 2.13800000e-12
 1.99000000e+03 2.35834419e-12 2.17197049e-12 2.23405000e-12
 1.99050000e+03 2.45973805e-12 2.26535146e-12 2.33010000e-12
 1.99100000e+03 2.56609341e-12 2.36330184e-12 2.43085000e-12
 1.99150000e+03 2.67244876e-12 2.46125221e-12 2.53160000e-12
 1.99200000e+03 2.78360726e-12 2.56362614e-12 2.63690000e-12
 1.99250000e+03 2.89476576e-12 2.66600008e-12 2.74220000e-12
 1.99300000e+03 3.01088575e-12 2.77294341e-12 2.85220000e-12
 1.99350000e+03 3.12700573e-12 2.87988675e-12 2.96220000e-12
 1.99400000e+03 3.24792887e-12 2.99125365e-12 3.07675000e-12
 1.99450000e+03 3.36885200e-12 3.10262054e-12 3.19130000e-12
 1.99500000e+03 3.49468384e-12 3.21850823e-12 3.31050000e-12
 1.99550000e+03 3.62051569e-12 3.33439591e-12 3.42970000e-12
 1.99600000e+03 3.75125624e-12 3.45480439e-12 3.55355000e-12
 1.99650000e+03 3.88199679e-12 3.57521286e-12 3.67740000e-12
 1.99700000e+03 3.98099839e-12 3.69260643e-12 3.78466638e-12
 1.99750000e+03 4.08000000e-12 3.81000000e-12 3.89193275e-12
 1.99800000e+03 4.17500000e-12 3.92000000e-12 3.99350133e-12
 1.99850000e+03 4.27000000e-12 4.03000000e-12 4.09506990e-12
 1.99900000e+03 4.37500000e-12 4.15000000e-12 4.20651787e-12
 1.99950000e+03 4.48000000e-12 4.27000000e-12 4.31796584e-12
 2.00000000e+03 4.59000000e-12 4.36500000e-12 4.41892477e-12
 2.00050000e+03 4.70000000e-12 4.46000000e-12 4.51988370e-12
 2.00100000e+03 4.80500000e-12 4.56000000e-12 4.62104584e-12
 2.00150000e+03 4.91000000e-12 4.66000000e-12 4.72220799e-12
 2.00200000e+03 5.01000000e-12 4.77500000e-12 4.82871626e-12
 2.00250000e+03 5.11000000e-12 4.89000000e-12 4.93522453e-12
 2.00300000e+03 5.23500000e-12 4.99000000e-12 5.04585964e-12
 2.00350000e+03 5.36000000e-12 5.09000000e-12 5.15649474e-12
 2.00400000e+03 5.46500000e-12 5.20000000e-12 5.26279980e-12
 2.00450000e+03 5.57000000e-12 5.31000000e-12 5.36910485e-12
 2.00500000e+03 5.68500000e-12 5.41000000e-12 5.47500348e-12
 2.00550000e+03 5.80000000e-12 5.51000000e-12 5.58090210e-12
 2.00600000e+03 5.91500000e-12 5.63500000e-12 5.69965801e-12
 2.00650000e+03 6.03000000e-12 5.76000000e-12 5.81841391e-12
 2.00700000e+03 6.17500000e-12 5.89500000e-12 5.95652216e-12
 2.00750000e+03 6.32000000e-12 6.03000000e-12 6.09463041e-12
 2.00800000e+03 6.47000000e-12 6.16000000e-12 6.23253545e-12
 2.00850000e+03 6.62000000e-12 6.29000000e-12 6.37044049e-12
 2.00900000e+03 6.75000000e-12 6.43500000e-12 6.50658693e-12
 2.00950000e+03 6.88000000e-12 6.58000000e-12 6.64273337e-12
 2.01000000e+03 7.03000000e-12 6.72000000e-12 6.78578132e-12
 2.01050000e+03 7.18000000e-12 6.86000000e-12 6.92882927e-12
 2.01100000e+03 7.33000000e-12 7.00000000e-12 7.07187721e-12
 2.01150000e+03 7.48000000e-12 7.14000000e-12 7.21492516e-12
 2.01200000e+03 7.62100000e-12 7.29250000e-12 7.45700000e-12
 2.01250000e+03 7.73300000e-12 7.43650000e-12 7.58500000e-12
 2.01300000e+03 7.90050000e-12 7.59300000e-12 7.74650000e-12